45459
9846
72737
13840
1297
64093
1728
27214
38520
50047
87595
90719
43804
67038
46588
68228
73725
18584
87676
7917
13137
28848
89563
15463
89489
39757
32937
72243
49565
59580
22227
28017
95724
97105
52701
81179
98229
74763
49656
44750
25843
49717
66529
17379
4632
21512
97174
45309
1617
96974
51253
21946
26130
257
6163
76684
25790
23634
80662
88386
39892
32966
29968
52255
59065
95547
92856
69132
73663
55016
87015
88233
83471
92194
42763
39774
49176
39066
20875
87600
93587
89092
50328
94224
5074
65235
51724
32173
22277
67232
37187
98665
10473
86026
70418
31465
35374
72247
68072
1254
78947
5624
40351
33
14687
23146
86015
45460
32911
32153
55344
44515
68631
94399
4121
50737
13799
92202
53434
36398
67260
29948
98274
34382
83983
86668
63214
21621
50174
70858
23839
98927
64277
11295
96471
53916
24217
83986
33295
58696
77169
69319
40504
68089
11633
70531
35308
76321
45220
84235
4112
52276
37237
71497
85801
31283
20026
14448
6391
44710
39358
46967
91538
24105
68393
61473
6880
85149
29423
9438
74993
76255
61074
59978
74231
55446
82548
92659
7717
59942
48989
24
59042
34657
63012
51276
30442
54813
73598
17626
45794
12993
29281
57987
95030
93401
24980
43395
68752
11881
42261
13201
49815
3101
58406
22981
72770
94079
59157
91124
64631
20578
92038
36246
9157
21275
72063
35785
1434
26960
32912
1678
83650
16297
84860
14801
14301
49346
9353
63687
53147
80162
63808
38128
99222
89510
39201
94043
72044
71895
35079
87145
58584
71898
52339
9385
59820
89318
96152
77955
17677
61936
49474
85424
70027
57570
67491
55238
40444
25002
67260
60466
58804
34830
67780
80030
47074
98878
32632
2514
66410
61154
415
55862
94330
4018
45561
48022
87852
19460
73444
20894
85783
17920
60106
54021
13330
18768
32042
13894
85798
41843
69505
60328
35215
14033
96629
25056
89711
31688
9342
48621
22895
14340
77649
3809
46963
38638
32106
2815
20504
62011
97622
37055
21356
26821
54043
12271
75562
24056
80836
44596
69073
23010
81388
93134
58305
51373
26502
11641
9361
60041
37639
6671
30991
17570
23825
22763
62389
13841
77180
48713
7140
74030
47043
48426
48160
89155
64681
20339
88520
33340
71174
39220
57520
56187
39729
35334
28221
19944
15852
22382
67164
20229
59143
6718
97119
74175
71634
43579
47413
78752
71106
55801
98405
74914
8063
9186
45927
95998
4520
95189
18271
69603
69155
51979
16790
68066
30245
41909
88919
51269
21018
82242
52227
64928
56530
11357
38162
76639
85832
80850
91239
34207
41040
1425
85390
76730
12989
54923
57812
32410
12172
25242
34211
54542
2320
1821
32313
35866
54267
76032
64196
61544
28165
23162
24764
38845
8028
3696
88861
77895
9513
28503
96703
32338
17275
69207
77108
61946
25042
34442
66621
9818
20553
40068
95593
65443
93185
45709
7531
41256
95815
43689
19287
67254
86785
85817
49849
50465
64826
70459
8275
49082
42055
31756
24689
5821
11061
54733
88905
21446
15921
579
28788
47171
8212
20344
73444
65765
75241
48256
99074
12272
63549
91446
22565
30098
57665
55076
43504
65360
84414
63553
30920
54908
90583
4341
79088
88739
63380
7193
71076
74531
59568
23865
93487
93625
20896
99323
57257
89656
38909
5881
14320
25878
12945
43753
30913
71168
82555
16255
25747
95598
52254
54888
37105
80881
51212
11415
74130
19945
19690
14173
62871
29075
20417
63313
46784
52832
90721
6447
82603
85729
45489
98141
74826
78397
96183
36104
26143
63493
80864
26829
49495
59775
73837
6131
64161
94494
283
44886
60490
34259
63053
36863
35766
60157
39608
23566
40924
67003
11115
80474
72446
94626
34584
13711
78628
51179
74020
4086
58740
79364
69959
63666
5616
8326
11679
11590
40653
11110
13496
97141
13643
70757
51216
37473
16853
94242
30154
23893
81367
66096
42066
12158
19511
4098
36007
1652
30290
13314
89962
53814
24404
99681
81666
45459
38419
1224
85161
8869
59592
22733
11382
12728
15595
54434
17736
42601
46762
77256
90187
49769
49893
44065
54794
7393
82345
90690
73266
30031
64168
50407
71839
846
84401
92544
64005
52692
68113
16361
19069
44404
56390
67960
16330
69252
49788
91183
5991
47866
17702
68338
41519
85487
85466
2130
23080
25189
69609
67880
71532
4421
90137
63101
79318
10593
31298
4806
64678
88216
7361
81389
73233
6775
96892
32106
70536
89053
54803
39920
85474
7543
17119
13700
66153
94762
82922
68169
19423
72592
74538
55415
57194
42809
81595
11786
29763
23570
67672
24758
52599
82531
3030
63287
82488
98547
48125
84743
98211
10918
9476
28841
35566
18310
31336
64419
4590
98719
84008
13928
27042
76324
46688
24275
47424
95920
67681
92688
84506
80263
32105
86708
66477
61691
21092
36109
32454
10474
79262
51187
75888
59876
91267
97886
42398
84202
3862
76209
3025
87410
20842
35796
22119
40295
11968
93664
27553
20173
53310
31220
84528
65411
48840
85060
5211
54241
89438
6449
27407
48705
96242
70451
85347
27962
84292
23698
48742
28519
73820
65717
18568
24934
31587
98801
88226
81724
66430
69027
71298
48885
6951
55769
73591
84618
30378
28395
43446
31867
2074
96967
26663
15292
35534
34314
38159
53069
44251
48778
66042
36000
32558
68912
9828
24575
48678
91331
84645
71366
81868
3167
48791
16108
96337
3205
25509
29567
69154
82924
87058
3533
12042
73173
73058
92639
62628
51228
31913
6880
94779
44074
72174
58299
45921
21416
83644
1186
24680
63214
95941
17771
21664
78265
91923
76821
24622
23066
26157
88136
63909
61611
59458
59674
22211
79197
73589
95726
76843
3918
14533
66424
47994
12246
22295
33371
11048
57280
29058
89811
96094
90869
20951
53742
82894
10995
65739
48948
94355
64413
37603
28648
67846
49837
89467
20839
62905
82245
41331
97454
22740
66402
29334
76472
91051
87889
96360
868
58712
80636
89195
45333
3034
72989
8430
86963
81385
31379
64435
15246
42964
77714
55355
96323
91609
9429
80945
20024
83745
42383
67503
87169
40566
65662
31697
13797
78657
96673
90548
67930
63140
37568
53098
8364
63217
89770
32126
50941
32229
97308
78814
99847
38757
28317
13129
49277
9811
86535
85879
56752
83277
41951
58591
18668
21410
84486
73897
24034
58897
76840
96305
32609
42657
30033
89236
48382
69111
90783
94267
20114
22295
86579
88353
53730
77370
99809
46146
41306
69543
32455
40994
81075
20113
22075
54551
7732
88814
43548
59668
44052
88656
26923
25170
59581
51457
93522
76957
25932
70207
64642
21305
41621
27250
39067
92016
47556
93446
52356
36537
42334
73514
93722
40517
85798
25379
47973
41001
37371
97677
90086
66915
15166
47760
66765
52044
33618
15035
2312
67033
17628
47647
35413
4429
65834
4234
27352
47326
24368
56415
72808
33634
56589
28687
31491
74358
97804
67734
79490
80874
12615
77844
34984
58413
12677
93670
57460
22481
94276
69312
89397
21915
21842
57610
75421
79497
9909
96340
26542
64544
76011
77719
47089
56368
80331
55082
77478
18790
37354
50526
54070
68975
37466
13238
76324
73220
35437
49478
16354
43831
82935
14503
6591
68727
12721
14227
28446
53635
18202
61796
63490
56265
61176
36740
24357
35962
4476
41840
19208
74316
98500
59630
58597
26123
92346
80136
89600
11741
42553
79620
92860
91344
5647
3489
3081
81027
44094
94096
96475
40430
8541
16844
48855
82382
50940
71000
3430
9905
89477
63444
5452
39674
81117
65436
30034
65266
35593
20989
6271
14092
68366
84435
6629
65426
39153
10340
76856
91537
14269
45715
93466
3422
97122
1443
3025
59267
12154
32232
25465
5290
39816
77803
62742
18565
89338
4442
12226
60696
19917
46569
55205
15748
2799
98793
26403
11024
89183
86179
93647
33654
33552
53234
36861
10087
25613
91354
1364
19036
69271
39432
9026
87898
30634
17192
68554
27937
52670
15005
6905
27601
32904
86241
12599
49338
95264
7673
82296
91934
57342
27891
11442
61093
67134
74303
79081
65181
85122
85895
60485
33036
73207
50605
5861
53460
32079
42815
48141
2497
46221
5529
82747
19186
54368
53976
96536
3585
78662
85942
33225
9009
74738
15943
41701
32787
49865
44815
95009
30677
89542
7485
13031
48936
77565
96904
33670
33740
56860
96005
80866
6458
80781
91266
76748
15885
35864
60610
35436
97582
15045
34966
33178
87739
97024
15988
14253
75924
58165
28822
50955
61537
49531
91313
54302
79459
92973
84528
27688
44790
36339
9261
97485
5023
12127
98156
20943
50392
31635
7252
84919
43029
26784
45291
3567
46226
98890
525
44301
28699
2887
49800
55401
64567
26694
39638
79279
50002
12300
75352
71152
66374
70777
64876
83155
75813
85609
84331
96041
92070
17143
28706
47486
90985
2236
23466
40907
97929
29973
48806
6889
61213
99427
32505
20160
69322
53803
15265
40541
52617
48574
88148
77282
79920
6227
82581
58807
30976
98063
94067
57566
16235
26311
46975
42500
17535
17724
8455
59507
2100
19270
3284
27941
96206
71372
44412
52372
3854
73582
83301
63884
40635
60134
93015
66497
88585
38403
61
82717
30180
82421
472
76338
49179
78247
60319
64525
71947
84965
23254
36779
47111
73663
522
64518
71457
16934
33287
44328
88184
21524
41142
1185
93182
90376
26391
78803
79492
24974
4502
81385
69700
38589
93197
64040
65354
67962
42390
88190
51169
49403
79627
79095
66998
28741
27837
19887
2027
8918
93261
6721
45178
29151
47689
73662
75043
7305
82918
48698
33492
6585
53239
66016
95093
72558
38536
47717
60301
1286
11513
46938
55060
44801
34394
22971
23605
73597
88992
16996
35103
73824
77985
67012
61866
22260
73489
86985
13601
94157
60602
46075
93455
91014
29073
80197
26442
16362
86427
98541
75735
42830
57212
91013
47832
16987
35319
89498
71001
27913
89959
35690
39283
4487
13368
31347
55578
39608
33763
85830
5706
7127
2949
83417
65609
24059
53883
31292
52472
3445
82555
56676
65788
88022
36882
2979
16579
20206
65718
88569
20085
11279
41287
93860
33625
912
51719
91474
35808
44685
26002
63927
7026
31340
72380
3450
77524
76378
84070
3978
8307
26772
76413
26766
17296
2914
783
8825
88839
33565
78666
82012
67229
64786
42163
8694
53029
46526
94656
60615
74671
92537
83155
46274
85935
5807
6163
14848
69157
713
15240
24785
52910
68683
1747
87758
62183
51574
16104
30250
30905
48205
15465
90855
8645
30261
81088
1860
86092
61686
24728
43636
20252
40606
98680
63306
92563
28389
23742
95824
42417
86827
86964
6903
30174
78909
87570
24297
5525
9494
2992
65242
50444
74562
79109
30685
84193
98142
38369
3027
16578
25307
54851
30526
20441
45442
32600
24275
25106
33521
27281
25646
7307
37763
94879
31520
15223
93518
37774
3267
16782
80934
6139
60782
34581
7775
73779
25731
23269
49456
17802
9894
53723
24690
2805
91465
73308
72615
91300
4610
96834
78872
73727
18622
39431
60183
84636
74830
75180
16483
79674
22848
4007
394
90910
13833
74056
23881
19463
98206
52838
62670
83952
50337
98858
22526
50849
15320
51479
41555
70098
99770
14805
55709
91038
69667
34073
26954
7904
71591
98802
25824
77388
90371
47443
25446
95148
78927
55544
54275
45173
38255
60375
32894
92134
68361
868
70340
14045
80561
73184
99945
4150
87423
42943
77381
13088
18690
35157
2879
74686
73390
58813
60616
48727
72689
36230
58974
3642
56868
25594
41905
61073
30941
49771
6883
74945
90145
66205
4520
42748
34998
96362
49388
31171
10838
60470
73268
93339
59263
97264
24444
31210
47240
59457
30688
97870
58990
11668
66550
10971
6381
68002
39257
7311
16650
52152
44865
7028
3213
6792
37837
84753
44428
92137
51586
95213
54242
39276
75309
71777
33406
87932
30116
54265
65112
14865
74475
66023
61534
31825
21331
27139
51341
58467
6300
98115
88411
15186
67355
89907
79217
40602
70039
63378
64567
57714
69422
47785
84679
14773
13780
51432
21603
57615
24539
72990
99202
30881
39566
83380
79781
44593
44087
67815
29192
79858
17537
93537
59124
27179
43255
82355
93490
33894
73803
721
16474
26871
86675
71786
75145
26631
71054
30050
49745
64380
60581
1453
97450
17703
62348
37194
69734
94665
5351
3706
2243
47458
52649
31869
96505
72504
81176
20007
73747
26945
52589
73219
34330
34350
64535
35492
6797
85684
59071
41348
60493
33559
73510
86107
61013
5972
19402
10334
58438
57196
37159
65617
8256
29417
59771
26186
62542
72750
11106
44036
23544
66847
21024
75900
65755
14314
25789
54892
36086
27088
91274
16834
34267
41332
31138
13084
81862
10047
59755
99458
30985
90926
76092
55807
26757
9881
73433
83197
37014
20832
69305
70013
31494
94867
26376
6352
64609
32574
59465
84181
61096
9776
92723
24496
89119
29479
3389
46723
89889
76474
12660
5579
97267
16099
14024
29497
97206
65574
84999
73643
12822
55554
40833
51367
18751
4403
25259
71859
32560
3841
36799
30964
14439
63784
22912
79009
17660
29605
66075
46180
38122
99770
74344
38829
45704
93599
98417
70098
56661
81285
2378
57702
24434
45480
5310
46548
19433
84304
66826
83545
5963
62852
13058
52444
42776
85772
69458
43275
82743
69473
87616
58547
48390
88819
17452
8187
78603
65366
5721
99998
94728
17162
96805
76419
31789
93126
73012
31739
88616
89409
82155
6390
5975
98524
91640
56194
76414
35247
19919
54305
17492
35982
51856
63013
13336
80440
34180
12843
16257
77789
29733
15890
60691
94793
69725
67318
20973
52240
75143
84557
55839
25368
31058
14494
17624
11166
41316
34745
38366
7910
22715
22198
2327
54850
65711
5998
40644
41950
83859
83920
910
82726
14138
47073
87928
84149
92278
27795
9396
30811
75259
80609
89841
44330
53186
16676
68594
67293
8458
68277
92538
95236
93466
67936
79044
94225
80897
16257
88207
51705
5053
9597
85814
56103
12570
18175
37821
47683
79347
20942
4231
37978
38644
42792
27045
87626
43872
21918
98601
42924
98766
81259
13144
88479
57614
88977
39998
19597
6154
83922
21372
52284
68583
79784
54972
75891
60171
36737
79173
46918
72696
59963
76042
38689
37302
70744
9372
8493
19792
58782
48608
29889
19380
65294
78779
50665
58590
10846
7178
1579
15310
33973
1391
81660
27765
61347
15397
1310
58191
1563
32404
24436
38539
36910
74976
81188
45606
39396
71356
58151
70996
67385
56988
32496
26976
4978
18536
51254
33068
50171
68140
29696
25713
10815
39340
9708
74986
80323
67221
13308
908
52287
3983
99294
43373
80954
92974
48599
40742
28609
18344
48139
24787
28995
57281
59915
68951
90092
2914
83259
35420
12764
67240
26207
76280
28356
99480
3649
95499
96316
80912
38018
50181
56068
34681
70555
76964
91797
33944
54414
90043
5570
70340
14382
94063
33585
33843
76232
10459
27024
84877
12204
47507
21397
41153
65948
8613
12951
20918
33423
80379
20354
34105
29602
68669
2779
1590
50589
68052
53553
15490
91006
14185
18140
15189
70084
51980
21493
30037
44313
7377
54769
173
89308
3060
29562
5916
99979
47741
42668
68586
85866
32927
59529
41078
90802
84346
71930
37738
22841
34624
58371
11312
91225
789
95682
92798
29536
43919
42915
63372
29236
83357
60163
5223
63809
46468
77503
71901
79584
389
99544
22649
20709
36122
83077
90889
98149
30015
53365
38170
14914
57741
24992
8805
73845
61185
58952
21411
88055
42108
42449
74940
11884
49027
64986
72381
59500
91687
88952
28552
53263
5695
16270
42501
86325
64465
55498
10871
1359
97776
96286
98089
43277
22622
12570
21799
5861
21235
995
7752
1757
68374
63346
22281
11157
10824
94059
4534
48532
48256
40952
57057
16909
3472
70466
56629
93645
20391
20044
55139
60100
50256
41004
88411
56942
85176
78502
4024
12157
22605
50054
97330
29125
46977
74938
4663
50947
54670
746
59891
60491
45555
56149
94539
98605
67485
6089
27050
47938
18849
31006
36691
18457
66917
11696
65269
72889
20254
13272
1372
2034
90804
32422
6724
52292
21794
36124
31785
17483
70234
20618
28826
50374
60646
6529
28075
16738
78280
33238
68554
89704
10914
58390
19113
6080
10642
79328
98682
39393
31829
39428
37593
63222
30029
66358
65219
60110
38173
67566
92196
63327
82737
35359
51726
89272
40570
84913
87397
89090
75511
77118
64536
11667
55567
72198
78922
22319
29403
32752
51534
25690
75713
51101
53233
18047
1114
43370
56657
29174
74677
90754
81484
67157
7093
79293
41715
93814
32021
22490
20253
11457
31564
85268
35736
50294
14156
29924
35066
14329
47396
85362
94069
8730
60549
52249
81801
83551
60897
55031
83220
15697
35727
26733
62885
56544
13387
7097
64750
31156
70875
92334
50103
94801
90221
33005
52750
69765
27612
63778
61628
23698
5713
26429
70580
49779
95941
35435
77285
26476
1029
88912
80367
63570
96014
12643
89554
4756
27256
38727
71745
44485
9903
57090
79990
64391
75676
72667
88863
53174
47171
52885
67702
90574
27078
57026
34318
19065
37094
10278
27945
71257
64553
22890
57479
52207
7703
10616
57368
72325
76190
29050
10099
54078
59190
69930
64287
86648
99295
81077
82062
88059
66086
62513
45994
30081
79175
85111
65415
44866
72812
3263
90648
21114
78291
4920
85886
15289
88333
67200
35739
57224
7235
51174
48869
64403
15667
86969
10262
61751
73209
48909
19135
59177
6729
84618
35773
46112
62040
58032
77156
92384
44602
41803
7704
97572
28389
11054
61658
82951
7989
65135
81791
87919
79530
86240
50653
75703
85227
14725
45630
54648
66925
53815
79895
66419
3023
61780
23731
35645
61341
3232
70664
34375
12916
46140
98955
9417
6405
60001
86847
5547
59059
60249
96072
77872
30134
59611
28190
72703
12194
38209
1469
44655
23617
89927
21721
68206
27581
63394
73647
97742
9370
55451
94295
67917
81536
48903
16245
58335
43830
71332
5359
73818
68649
76114
79865
70078
98349
36363
58348
99551
3259
98528
77461
48048
3064
66642
89641
19214
44982
43370
46806
63878
28275
43062
16853
73860
23807
28160
7740
23033
84444
43756
24592
35112
82910
34765
34039
61293
88721
26693
84619
93642
55002
34776
69675
41008
49686
45547
81196
27910
26110
19263
31084
20377
95468
28196
58343
4192
65143
49883
77314
80043
30650
31756
77221
71400
26708
61536
24902
99953
45384
50620
76992
40277
79652
26363
84451
20961
70878
30279
40612
95851
88635
14676
13621
97467
95049
4121
67248
46679
18316
5676
53805
35721
9398
7704
30386
42543
31439
75005
77130
61886
77653
16389
94798
39028
32540
81406
12928
21113
40438
45465
5879
27729
33134
23102
43925
21505
89519
13706
18868
68347
40417
61798
24510
96807
79379
34917
24348
22160
92916
2010
99110
52553
33435
54387
25178
1626
35911
78390
24392
96075
46881
17654
85129
52107
70782
18674
40559
13693
10208
77962
63960
32480
58971
85215
40188
83002
6869
64550
38406
49696
9959
61417
33472
50596
89312
32058
40870
32636
26441
1045
22141
7851
97667
10737
69564
16686
63020
22946
73800
70213
18945
74606
96542
81884
23486
50121
6314
47284
66496
92496
2644
26035
54955
5663
43802
47109
88423
42575
66328
8942
77093
93808
34532
19405
70208
83486
75702
10606
72927
82115
55396
72492
72086
44937
6604
93760
20492
68666
9355
3659
28888
87286
6123
41661
77957
14704
75609
58911
96916
39910
65043
20003
44576
45083
32064
21285
2428
99698
40506
41150
71961
85801
22535
11590
37540
52624
33734
867
68748
53092
78372
44402
71361
14477
98062
13777
2488
80432
66048
35654
53483
64017
84252
79888
9373
56489
67063
98536
11867
7616
62189
92211
15006
14504
28917
10023
65101
36214
89294
35223
92384
53020
36345
68509
75487
97447
3713
55971
11496
94451
66261
93775
59472
14310
84374
30888
88545
72624
72107
30665
21633
93981
95794
35265
34323
24852
46385
88515
78967
95311
97770
19857
23276
56855
64813
63169
33238
91035
84168
26025
55835
75373
61530
9676
76551
60409
64197
66080
77583
16931
60929
31899
98546
38172
76205
69275
18139
65408
40960
1263
34244
88720
88414
34053
50549
17383
11078
63728
19882
58874
58024
4373
67346
50417
51220
72467
46708
70365
52557
65484
28556
661
91837
59092
98130
39089
10402
84182
26395
64866
43078
46941
1306
17196
73356
93926
48351
43393
92358
1279
44639
12635
36164
32476
49204
92885
79366
14166
56283
8870
26579
31040
91899
88892
49954
90728
72741
44017
2806
86021
72887
48908
55750
46339
12251
99927
57786
55561
67117
64537
73330
77795
35385
56847
51104
18321
67074
62987
57750
30283
2208
34697
49242
591
12737
92458
55510
59113
66415
35759
78795
74557
11858
29460
44358
83156
33325
51974
40363
17121
84867
60322
77102
77935
48284
26444
97568
18185
52131
22793
72326
30693
55111
53657
15270
15406
5313
13172
11067
37324
9333
67040
41319
20914
9233
8140
46120
91300
3218
90029
58275
59875
58470
98834
34973
26647
13357
15429
55049
65400
4889
36289
14843
29944
8276
68907
34587
30224
16544
16846
23862
42854
17241
6007
62158
46776
49111
15625
26609
74536
26256
39134
24423
4547
33050
6876
67749
67087
72270
14607
50526
28209
27240
29096
34297
65977
19691
88658
89502
25899
33089
26892
65194
83434
84832
79944
35203
34402
8552
67104
25125
38034
18889
65839
76538
8469
18658
60531
58664
15148
66532
3965
39652
169
6261
80466
42500
27450
92784
47586
62162
66448
12137
27490
57757
99436
71502
44552
2762
89157
69514
37283
77927
17688
41891
48788
83840
43468
57795
63757
23274
70784
19795
92484
42557
13972
75267
9523
59615
42193
52135
32816
21275
91414
72060
54628
98129
50336
15656
84138
72807
69332
64478
551
81277
41452
69505
90208
81981
12669
60192
94556
87313
20417
3264
27063
49071
24293
10295
95679
46512
23313
3156
76431
93566
70863
6781
80358
58155
32346
37616
41155
78430
64709
75595
57983
34217
84676
78886
46599
67414
68155
79390
71893
96096
96130
95213
79690
80445
15953
36533
40458
56953
11022
39580
3508
12734
42864
76368
68572
37839
69038
89323
23814
77300
26057
2098
78561
17392
10291
58264
38686
69102
65659
21984
59372
97306
78775
23615
23858
364
11916
4768
47144
65918
70236
18561
26546
34911
29964
4986
22105
46177
53265
92638
8456
9676
12567
12058
61824
4437
68398
86330
42200
61417
36465
555
18581
88036
86804
35579
5570
33406
72009
26844
43724
13989
53071
16296
31901
17158
27448
55071
70547
84452
80310
26315
91068
98315
21025
82533
80143
93054
97063
30352
43466
56268
30928
1026
88516
4385
61837
68131
34415
1977
60669
64783
40012
60560
66172
67605
10730
76917
79400
74274
14780
92061
77616
81464
78838
37747
34812
54871
9732
99469
66163
15518
10407
20058
95565
91818
92653
57079
39958
11229
54764
1505
56348
46202
75226
55012
50101
35085
14636
65458
97615
87816
44937
76560
11285
34855
67339
27338
69115
62069
59505
7175
6087
11112
91875
2583
52572
36743
73988
91400
36100
55755
37037
94104
93465
31523
52588
16709
1936
98706
43256
73217
51970
61716
16975
71649
41977
56126
23150
8180
21491
73154
84908
13648
14070
8049
17939
5223
83985
93084
94204
96921
46858
66451
81799
42404
13321
58414
31668
98359
8032
38506
18177
12644
34453
46026
66176
32211
51918
83775
52115
47539
51352
89507
36071
64043
25268
27711
12138
32143
32735
33549
20555
5070
15452
41719
76621
92648
49439
90846
71271
41853
32569
72311
57979
71329
80187
3408
83057
55404
59689
51408
23983
23373
46558
78332
90935
30046
30645
5781
35517
60658
39162
87999
66179
3787
35246
45533
49428
67145
21873
7032
48313
35709
21935
86559
23259
55195
76586
19591
40662
6094
36927
64532
97141
7333
71768
72528
53520
30411
59597
72791
62751
10964
32792
54326
34490
25556
46228
79048
25551
87754
45809
61151
29118
95801
13942
89444
77236
51030
33267
50134
35202
19293
29155
64078
85274
33375
34714
93251
6342
43831
25745
13449
20869
22458
6731
83829
45922
97804
51810
89723
32210
74127
69267
2200
47530
33238
75459
38924
3771
52055
52685
45279
8907
21407
31369
71300
7761
28384
17882
67802
77037
12549
37459
2543
27361
9287
12743
66560
88880
72344
16013
85564
86578
11356
92396
81095
51793
10935
32297
76697
86243
62561
96106
65830
6340
95766
47621
70329
63759
64875
80938
59513
8185
91131
2377
52334
74538
55199
40834
25756
20344
97052
95432
39694
98562
19413
93840
47598
27430
3681
27516
6225
13024
18424
84894
40656
78336
52520
56299
72112
88135
88292
24798
5539
10525
35035
2310
40296
62321
89510
54094
61293
54190
15643
33350
47221
79191
12127
78963
37396
3359
48793
51856
89303
94759
88577
80798
31552
68469
24567
44944
81423
20397
70159
61036
83005
66543
32458
91070
95522
13772
69665
71583
18582
19302
13467
57821
57972
56164
92541
64072
16283
52239
47425
39065
23150
55403
88575
97758
8923
81717
65959
97926
98073
17110
52177
61158
3178
52033
77868
95398
64
33391
26675
92011
92028
19860
5854
41889
59633
17021
15796
82500
28967
6761
92957
66059
36060
36961
77014
96498
229
1077
45534
71907
68370
77301
30637
42048
81167
26281
72453
58928
47046
70157
66208
63556
17442
14476
70601
49540
22287
90295
12294
46810
37693
994
15443
17979
43428
28924
98634
77933
14657
4618
26654
56858
21726
82430
31784
84112
33647
20089
80728
87377
99257
54170
52685
47326
84557
1281
10431
43803
56882
70629
89081
78143
85601
82383
16645
56187
26121
74929
75680
88292
58803
12230
91244
92159
92097
27334
63972
32744
70351
28902
34186
36766
37211
5323
96188
25070
38496
85385
90406
15163
22526
69308
60689
95463
31670
46914
10456
20353
69233
56947
60411
59531
12224
83774
31692
68262
55390
18561
58887
34396
29938
34596
3679
2858
40401
31923
71443
49576
50400
19574
87072
72119
27575
35791
92784
20998
57569
59408
50128
33472
19391
5750
90591
12405
75756
30566
21634
46947
20891
98274
20372
5026
40445
17895
55323
69993
58016
50406
77974
57568
93361
43742
50930
33827
46849
24787
71516
43695
51749
98861
58993
20844
38935
37967
86001
9303
14298
43665
91089
7403
20411
48125
17040
428
27892
99459
24193
12079
47434
47833
43015
59881
22102
66739
42272
86771
1824
19867
38488
759
59782
23500
20958
70361
45949
39537
80627
2437
21423
19157
58463
70641
35106
22470
46013
51662
63930
35116
36951
52977
51252
12640
18444
57656
57971
59530
16814
92571
36824
47899
69672
849
81130
24419
85180
53916
65621
2800
50603
68274
62094
2117
36078
2568
70965
43314
42337
69661
45299
59893
21439
28097
91139
26413
5993
86753
92141
43607
31871
8879
43725
2856
65233
30770
17682
68101
16047
88231
163
66593
72157
35443
39100
58388
27170
29990
53718
24597
6688
82221
63268
18900
46974
21749
34809
56630
54464
57367
30599
74350
71512
63300
64419
44085
3414
3822
97669
78469
8283
27888
97483
89848
44491
80635
17468
15992
43585
98783
88778
92802
96988
36402
52049
77820
663
74880
81724
59471
72663
18095
55462
50467
26845
73101
94622
51126
5339
9880
71460
53113
29123
44938
50993
60903
44571
38111
41779
17987
67757
16069
11669
429
74811
22623
63677
40384
12656
32085
83534
20075
30673
51676
44430
87562
89618
83358
45314
89472
43749
5253
29910
39155
92909
24361
16409
9508
10352
58963
76868
28618
49867
28909
97819
39562
77312
76745
21868
10869
1067
93611
87029
82750
74962
93299
41154
83190
39322
52779
74708
49222
51958
71561
31069
45193
30043
13409
26983
52643
23215
14795
8724
99969
67519
58060
97440
46414
11248
20196
49507
45328
31245
41203
62771
69565
50079
80584
32807
78749
59963
7016
59606
25501
71092
32631
63901
9101
37426
19494
40191
44919
53435
38586
3367
57308
18701
51893
33545
38669
10893
14563
44294
66083
11066
83426
1518
90779
66875
28015
29504
14738
13847
56009
53645
73656
34019
87588
36731
69204
55957
12909
86629
59028
21208
59029
22143
99663
30104
40668
37624
45690
28733
17755
9784
64963
2453
27661
34697
58125
44618
31163
99986
82856
32467
62467
37757
24460
85669
52900
55514
93202
98698
76201
79293
41839
53418
35567
66083
31662
13190
65685
50354
69641
59236
56511
20126
86148
85284
84135
69831
89926
81392
28064
41856
84052
76978
58024
39275
52076
25600
89802
6719
8571
20563
43917
10604
15003
39606
90685
40181
76013
84665
57844
9019
90415
29988
33188
20059
81402
1033
16772
974
88250
32978
94164
60911
72714
68602
10542
90425
58636
68696
71499
48270
92611
22325
5359
78996
67565
16382
41011
64985
55616
71190
5549
99960
52415
5795
81598
62388
10328
52584
26072
99489
55070
5555
56041
15842
35743
4973
71784
42892
75105
28111
1147
56042
78429
30740
95811
97594
27672
36585
76612
24469
19834
27552
73909
15979
25965
31204
59008
95180
14900
65543
75031
65380
96805
83927
58836
72030
59653
44528
59882
87177
42270
83659
6093
92888
38815
27443
1723
36226
75344
63096
88166
10250
89457
69885
29631
27834
68814
82219
18016
35496
20769
73001
69109
91675
38948
62883
68808
4358
99857
96967
89480
9778
48280
72431
31958
18747
69692
88568
39916
80113
50698
34833
75018
71294
14999
7887
862
9735
64149
74685
16463
12972
63794
94513
75463
20169
74350
46778
27706
94655
50550
10677
85719
75309
24290
97567
94730
72343
98631
42309
63307
34473
5113
20919
4903
39829
35457
59387
59080
78936
3991
49149
90884
63450
27005
71236
96223
46708
88887
64832
60510
25324
73386
86368
78601
91708
63952
91968
34588
75729
96725
31551
60779
47695
62322
65262
48879
31922
34051
78372
84977
74863
36519
10511
15153
43417
33588
13510
17523
66879
24564
74777
2279
67602
55680
53066
1332
20517
21143
71220
76801
97837
97275
65513
99936
65960
89736
86619
22646
40634
78066
18192
7339
17746
91482
13336
91851
94475
37740
86362
76086
36654
65272
49514
25546
35189
76459
70328
30667
86602
76810
17570
27053
86158
66891
76457
60222
69942
97935
99872
17554
1936
55680
20801
93227
39491
16707
59
79781
79572
35065
76646
36156
58981
78232
99286
23291
63320
38529
43757
18658
98353
20542
7819
43027
59321
50714
77985
63641
10271
81212
45636
37973
89689
78657
95900
43846
26760
96470
1212
17716
51033
38127
45260
49402
83432
47271
76865
41518
87807
73780
13903
31821
50973
50310
90517
3944
20625
70044
1366
77605
43301
4514
4584
95668
97848
2155
73285
23471
38180
79080
74079
18892
57630
55202
77361
94338
82747
41657
56624
81878
33167
65465
78592
79809
42129
70582
85059
41887
77755
28677
44140
80791
31054
64150
74834
94178
68082
90257
10496
30554
1050
53612
34185
47264
18054
1478
88728
15082
42434
11363
7302
57671
82476
39941
54053
71632
50579
41315
50201
69197
36283
4360
82278
19361
41468
29483
79333
86548
90154
65927
95696
83643
45712
83030
10749
44389
47894
29807
8103
68548
9025
68824
40551
83415
74553
62794
2178
8560
12678
25312
9084
4134
32052
12475
14762
91609
29173
23798
3589
53886
78533
43168
65594
80294
53993
41179
93087
23599
36657
75664
68512
9350
71516
62541
38711
70615
31931
55389
29274
71860
96462
21058
39886
88830
70058
93201
66042
90258
85756
18857
1782
79283
89063
88882
56962
92816
98153
87919
68275
63857
98427
39903
76456
32196
14040
37173
38235
2398
99797
10130
20147
81808
86190
42972
24886
91048
36802
34429
39163
24128
15828
19579
9309
87848
64691
3407
22252
65931
22835
28004
51646
38208
66906
36654
17123
17392
21847
20069
45174
3646
33964
80860
25423
51544
2828
52546
99733
81881
68191
1813
30545
28280
20963
96989
94781
83984
66541
96172
42332
85869
3053
95536
4771
25552
35151
9843
10421
82911
72990
59696
88076
69868
45091
53745
65971
8416
47563
22441
93841
44420
25510
57387
7999
6348
89292
9414
18459
54785
37818
98269
41685
53257
63418
71207
50054
55124
5121
65792
68449
8742
83313
90506
70242
40636
64895
27876
61634
32189
66799
35108
67213
64030
90459
12372
17706
10418
43923
71943
60953
87021
18462
84599
80604
56371
18686
57820
19980
19841
47314
43626
49068
51447
6325
51592
59386
19169
81187
41768
22338
75201
89244
94248
94989
9339
55681
92452
56310
34845
82555
65078
11197
17544
7100
83884
49845
53855
64861
72259
37560
20459
39398
63397
34810
76296
49900
78941
42074
14480
11252
7699
14453
62914
822
7272
77365
82255
97885
66159
19143
82209
37546
75302
90091
11751
28472
98256
60516
19425
4187
93841
82382
47781
78466
66725
53167
36204
82459
69725
84742
733
96885
46647
44256
65715
44513
80601
29930
58701
15634
69385
33697
77810
131
56588
31525
95582
28024
45305
20076
48878
37052
185
2322
10148
8745
49630
38574
78935
23271
20189
73952
64571
35883
78249
43687
63688
19649
430
86799
14730
64196
78534
32743
70756
92138
58427
70161
13697
71965
24154
34386
45433
91556
39344
29097
31676
37408
36932
55901
72190
54930
19216
14190
67775
18842
93117
91438
49941
44506
11867
80393
25113
55065
77914
47295
50891
40227
91144
82802
57539
92749
38599
46810
16437
32567
38505
23126
32256
49483
85323
12798
55059
36321
48203
88532
34364
35109
49352
40120
94191
81872
32597
84954
14607
72658
92121
90154
70556
79378
74086
20172
68633
38124
44275
23496
99352
61273
3672
20349
9125
80045
26118
17206
89132
55993
2017
7668
83848
85936
69660
74986
77608
11559
63023
87656
67232
17334
30902
73775
13002
22427
72041
28772
31895
69373
18291
53696
80854
92334
17554
75651
83838
30794
67499
91016
7036
65884
69095
92884
88916
81248
57005
62376
22518
35075
52957
90742
35391
2054
31719
71537
67529
31810
79942
75709
58640
41125
5724
81797
98049
72474
97610
44715
34465
64039
91148
96186
5911
26544
14384
61847
48471
78201
49233
80662
58764
39816
42772
21129
25249
42665
47486
44147
16685
35339
30384
32795
57721
50472
68448
23580
14574
60322
52309
24121
93184
24712
6495
82414
91153
63512
21424
11873
50499
3358
41275
91863
1278
99195
95687
23876
14650
32641
82960
93114
64778
11482
47547
12674
133
34952
80020
10409
25970
29448
46598
82705
47343
70608
97462
98217
46846
84247
37276
11671
81101
49364
60798
42929
82560
30398
6411
14059
30941
78738
74417
64874
94804
22451
25820
98807
53513
19724
55596
84944
29248
69137
177
18456
69443
99844
63302
21679
25651
10003
9287
37724
43496
55230
80624
76870
45415
37142
99027
76034
94047
23009
5398
45511
32096
62074
22119
25597
24569
50070
93308
93972
67020
20929
93099
88433
34224
17351
64515
23779
61602
46222
10246
33620
72234
63008
82691
73563
23301
46535
3124
22990
86740
91121
43729
26260
54624
87956
69134
19672
58824
38506
36216
14522
3114
82077
89704
64224
35754
67774
52161
51402
55201
6254
53484
3331
39140
37952
60685
31219
15536
61750
66337
38482
24751
25159
85686
55830
91786
84771
89704
42253
62764
31821
60180
75206
76526
44775
35290
44074
87844
56460
96596
39144
65059
20758
61773
87182
7309
1535
39616
63060
66459
41509
47022
74482
17605
30151
35899
16337
71729
75372
81158
92671
14102
39875
16899
98268
13900
35012
71127
92434
55283
51318
68784
79169
19004
426
80894
26488
56695
26084
50417
1952
72154
15513
77936
51538
31178
68596
10739
18761
89865
1395
47966
11090
83773
69871
37467
49440
75065
54489
5843
16060
25002
60191
4680
83385
84576
20877
8626
43589
10583
76849
88788
83772
7489
39255
89914
64503
75569
68723
62994
87426
91335
64253
24484
9675
7667
73333
87310
77685
89800
20264
70561
20364
4286
54508
36658
87315
89795
55205
70302
74074
33664
48394
96349
42508
66244
70305
43041
55780
41871
17223
60843
49535
25597
53868
78698
39436
71981
78427
18130
46400
93068
43959
50549
67719
7971
97376
95424
64533
23450
67061
28021
69114
94503
97492
7808
98547
36023
34941
83224
79677
82488
10996
6356
60901
65921
72389
20551
81755
48318
38754
71225
1669
51483
72200
96836
32368
23628
7264
7912
97249
65528
49505
16299
46217
36096
72210
22321
7767
86255
63405
88019
32391
42239
29856
40991
40504
31813
92813
44076
24636
91451
65616
59576
84808
6473
52161
65281
24587
34927
91535
67548
92060
15408
40749
98805
11979
27166
53865
22627
56634
25567
51991
92583
56741
94649
86476
41569
70172
12831
63526
55887
69297
21432
42153
84963
47372
39496
23748
21152
29693
35549
28146
35089
86441
17496
3901
98694
33253
86966
76925
51084
99873
88603
57277
31911
47131
16442
91646
34062
55924
93442
598
2884
99488
35656
73776
84782
77751
74093
87831
18326
45224
86829
71917
26299
47565
99076
96181
15443
62074
74460
61777
69950
76847
75863
35429
1576
27373
34517
51482
17978
5381
28323
89503
57374
66668
68800
69546
97549
62923
96205
17468
94934
87698
16881
74371
81134
29165
74790
7801
4591
76302
34659
45577
93039
5098
21095
99186
16509
14272
91007
47236
39385
46707
55188
7303
46705
70617
51892
90650
37972
29101
13211
10585
27285
28351
43325
42616
87070
8139
45107
37485
3726
43206
9344
54890
50673
68948
46303
48839
19098
35831
99051
75998
25471
49154
70634
23440
74897
6860
53847
17253
12727
15648
84075
71185
51174
31153
92231
64626
32991
38955
96000
3061
57861
29573
88583
12888
27897
83378
78900
90090
40052
84278
51247
26831
448
52438
14586
20992
74323
74920
83774
96911
42026
31658
80657
81063
39582
7246
36865
38962
33573
9811
7072
23285
9287
175
10283
19158
1403
7688
38232
93182
55742
60194
16924
85081
81232
46770
13975
27353
80203
37041
65053
9467
21888
58381
11329
14529
31408
98681
99968
54558
18819
65637
62791
69329
99401
48296
31361
16905
35243
45113
84257
37030
47373
98622
43049
53888
52578
59835
20565
83617
53388
23276
999
51885
28687
3502
71984
98338
18480
599
61367
40346
77743
80038
39465
52909
6078
49205
32477
79924
71485
79659
2882
45576
74868
20878
62184
71177
5644
81845
40712
25275
7722
32316
92177
68490
60617
68561
92048
78158
30771
43531
76283
50473
14363
97850
9786
49485
56538
9209
45330
54268
32485
15232
86159
27367
3527
1046
82062
43831
25184
28356
75621
63242
20282
17061
1903
68437
6979
29849
60727
61065
81772
97785
84512
1136
27037
73796
90414
27286
43058
88600
11637
90756
52695
82813
93
19943
59867
9115
22478
61007
85460
90220
20830
14580
13487
29451
2324
90483
3441
7307
11768
21175
46672
88901
12057
42994
51047
50954
9018
93162
32410
38423
64666
57329
70
2758
63646
8524
58467
68800
30014
90037
82202
6832
25257
15292
99965
979
52341
71336
49703
22988
73991
77531
29618
16948
47291
70740
37102
82478
45169
11566
43556
92888
77044
31558
32680
80542
97128
47610
23412
22825
38191
86060
38695
75573
95000
13638
4953
98816
57990
92119
94905
83997
29400
98651
34854
21481
78746
13529
96870
11381
8935
40359
68134
75617
96536
73000
75727
73994
50958
87701
64385
33019
11128
35193
64271
51839
52929
245
96727
35862
11834
81253
36379
38661
87999
52282
41409
50344
52713
934
68067
28163
93328
37847
77428
96118
99034
55578
66480
77614
52868
61537
16543
18680
43307
91295
70566
99729
63159
64015
94569
3578
85894
60853
69793
22567
35601
45340
32598
72245
45309
7871
91865
50011
11616
90435
55777
25498
45869
16289
21504
62030
33598
51554
47617
82599
81213
82755
21952
35217
76719
21303
55845
60622
81565
49548
50751
12422
31041
23525
78137
29653
88937
56807
64572
14338
30507
42320
85889
29712
58342
94753
86257
14190
7504
20636
79739
55209
97313
12872
47505
21857
42107
19953
69535
78872
69557
8813
9672
67911
96514
83129
38367
49931
27683
51778
34336
41053
774
27552
9641
14751
12920
58269
59832
98097
13422
7731
33218
60996
69548
61074
99724
71558
69745
49313
47114
57820
37759
63965
45426
66894
86250
71453
4732
96795
59805
16853
70232
61997
67395
75225
77260
13000
70008
99481
65577
67228
59501
84875
61129
88570
67890
63271
60327
81540
12259
76043
36250
83772
59954
15839
86703
77662
68429
66707
11427
30954
29291
68292
43674
33593
79032
96893
37407
67089
25274
35898
66040
81139
30176
13672
76932
62866
22502
42089
60084
82014
82311
18611
33732
55550
56096
61720
99445
57245
34493
32064
17896
43771
84386
7506
98552
67587
7832
81714
79157
189
76306
83908
5561
71866
62523
46830
56552
90189
20989
83548
58313
79801
720
98525
17435
38629
58974
25195
96598
86765
52527
47304
9664
34706
52470
31363
86536
12305
5047
22874
2306
20272
28179
49114
13535
83701
35698
43617
64296
3505
52651
63621
9368
65498
85907
44717
97652
2134
86911
42429
59335
2035
35448
14607
92030
92595
67451
61405
38268
99173
46857
86331
23227
78127
47058
25760
88160
28167
11513
83206
38777
33409
12643
2983
17718
2114
86210
43847
36514
51572
22841
10193
76956
41074
16779
92889
80086
55299
44324
59585
48777
94467
36131
43543
37971
24733
23778
96124
71662
28725
22692
24639
782
91905
91514
57191
47319
71608
39058
43760
1241
77123
52253
88428
51081
21456
43132
22635
83485
26021
24486
11989
67971
77969
25207
13812
73758
38750
63448
53455
22367
47971
30504
44561
39388
69302
2628
457
3215
43135
40312
99082
72910
81319
36450
97266
14754
69167
90623
28327
22118
62333
33620
13533
54398
97905
10971
19669
99601
69718
86920
45024
45541
20917
58999
78177
69078
58371
31444
28496
18386
77178
38567
91994
52564
5925
48442
54118
66779
42708
12456
29618
34662
25648
44931
75356
85038
32680
36482
17278
21536
69610
76518
53168
22965
54414
51463
81361
83344
57036
55391
54976
61876
36942
90579
75012
22847
54559
42266
21580
90151
92355
14219
79153
19920
5280
36711
78487
42823
30778
97600
94610
38878
40093
97157
78214
48451
65363
89003
16134
93759
2101
85593
59742
84873
19262
8944
88940
8868
30876
1301
77161
16540
63711
7517
9126
1848
46356
40788
86673
78428
57451
5225
73559
68735
82611
16442
14115
13027
3304
76631
8229
49174
28675
11893
48878
89956
90896
87250
4727
78231
5181
5536
93825
25804
54670
91313
88151
63859
41613
50717
87247
66147
1342
85234
12528
80599
49713
94488
71246
14313
75313
60671
40592
58634
44281
20680
15603
3707
97158
64654
5895
69227
33096
92303
76951
89677
16658
64442
35910
86676
76113
2615
74805
17678
57081
3213
34977
82843
64602
9204
44745
46377
24465
80952
22765
27118
95964
48710
11121
5184
23110
57238
62177
12916
98880
35957
46704
21553
23760
62062
33657
24656
83011
68565
79270
6355
31326
41360
52782
70239
25586
69538
95416
48375
96142
19732
12542
27702
1134
93378
20078
25065
96273
6784
25482
67015
45385
22919
73039
99373
38956
59745
23314
52954
54119
71724
38662
81988
95857
2062
68379
88790
96989
27701
76192
33671
84938
69065
44329
2903
56949
42641
60427
69832
5422
30911
18948
38007
46920
11065
92600
12853
46345
32325
53367
33031
79777
30352
47066
14390
42104
10811
88075
61588
81184
63010
73028
12332
56842
43946
95312
71620
27892
8551
87919
94610
64672
92519
48341
88024
83199
33535
76369
34749
64140
31343
15242
85482
23382
72596
14597
41981
19189
98635
30500
15629
64510
66589
3945
57628
53905
66731
91033
61490
60944
86103
41339
72123
75402
52364
88287
77119
90805
5132
13787
14585
7289
70068
39057
79319
27113
31149
20813
18254
75309
65618
29865
4246
42427
46745
70867
67785
3109
28160
48775
65076
66379
28278
43318
75703
80657
8227
90856
23007
64779
24084
98589
14653
98164
37799
83631
30467
70559
59599
94579
96026
44260
58533
16127
12259
83964
51563
82181
89992
42312
3294
43997
41598
6027
11799
25537
91130
4793
98974
21810
98093
55975
88973
60025
84829
43233
43772
34919
49409
24058
28653
72925
73080
88126
11318
10088
56743
95524
79463
29988
3181
70527
11351
96353
69541
98100
6512
58563
77112
1957
97107
50019
25724
83948
98441
17811
63309
4963
21159
29535
96165
73184
23933
84463
95707
70655
83323
75273
70518
87511
56032
72659
64941
93262
46817
15222
99516
45832
66291
6078
52708
53339
66197
80893
97376
61950
98780
80592
46976
10784
27964
90458
19012
37940
27408
95436
74583
15722
62279
52038
83141
56665
82475
68311
17210
95961
54447
28351
56120
17293
90868
32790
67988
58781
39512
26630
7310
39361
45116
31635
7820
39034
91664
2299
2418
63099
16765
31289
22079
65668
95854
17635
15431
58639
68572
33715
72456
61571
75541
20962
56396
30758
58248
40528
68923
28112
28944
56961
55321
19738
95995
63713
60739
91029
65205
33352
13185
37847
95574
60857
85545
57425
89828
42980
6096
76156
51718
68587
40397
81617
89063
76194
30124
58551
13571
54224
45516
46711
40657
31986
36150
49132
21581
46494
77402
56471
81473
11652
72168
99151
45167
88785
36615
82164
49310
24429
35541
26468
51422
41797
71676
96935
22137
24131
1997
20101
75737
36089
70396
79160
2800
17404
29688
80028
77959
45005
84197
99554
64391
82419
75128
51844
54494
75972
74734
80979
23054
97795
63529
33580
26232
55522
7497
13673
89984
92169
79395
77107
86013
53455
42656
8757
34527
67365
8660
20012
60445
21554
91768
56667
5787
21401
6471
72443
6260
21079
82930
2064
54346
76424
33217
90710
33415
89577
93383
65306
21582
65848
51104
83333
74403
36439
36618
84307
43444
69584
85469
74306
10435
3186
39463
70
86321
44058
34824
58617
73768
51821
99688
50544
20517
38817
36208
51049
74720
9212
20908
51807
98425
81844
40698
20160
31521
9397
21263
21014
13410
9025
5447
22082
79244
50833
71366
33287
7453
52410
66896
35330
57676
59083
61314
79671
11731
89363
45867
8742
75702
32959
78826
6589
78996
16961
89093
54055
20233
95852
19171
70274
53469
79388
13863
88526
81965
94002
47369
70721
2068
32445
68722
51928
757
79188
40276
7368
63816
68608
28005
95603
38559
33143
50422
56949
18099
74691
38932
47102
54448
93441
3417
16538
40921
27620
3920
48812
10202
32570
98404
43321
41673
85415
26947
35905
75287
46029
90516
92392
99544
20301
87122
13330
41101
45479
5796
30542
92042
84126
19227
71209
86857
26103
15751
4707
5387
95295
20278
27807
61862
55052
2250
77779
85775
60636
61142
41376
97477
44186
54133
19483
71128
75263
20839
17930
78420
27700
52936
88042
14894
81974
95343
42669
47465
98995
73664
12833
56069
13136
94510
33579
2790
74925
36209
81651
64316
38528
10751
1401
32788
84734
56811
60485
96698
8376
28119
88700
83401
59970
20214
34543
78833
19503
995
60397
72836
12408
66039
91832
4733
90523
68779
33813
27213
97888
99403
34717
82147
33399
71187
58673
11928
27325
52041
40682
98004
61470
94870
63886
89920
14452
30370
22558
20169
58253
41259
80877
53421
62059
52162
77548
44454
56260
84162
35200
29904
58122
48430
40980
58457
95525
71845
49098
68548
43196
66661
5005
95609
90259
29561
15619
58541
62895
54976
55774
7561
68660
88284
82321
89850
271
2131
8192
91380
63503
10022
54800
80931
3726
66156
81245
6480
47438
86922
32939
56813
59039
29777
83796
76381
77181
8916
20447
26659
86070
9444
27794
23205
35688
19082
94462
30812
48937
71456
63193
507
29600
52492
78025
12122
81969
60218
79164
95326
74231
55445
11541
56070
41801
21250
76673
16597
991
62937
38343
90327
26893
66881
98109
82577
54798
9543
21335
72746
55132
2587
5531
9872
38204
85767
90352
20584
41015
98444
18805
53974
9698
15867
22446
39044
62463
34380
86904
91795
55900
29759
69054
24988
72441
39533
4964
65378
27368
37833
29697
6518
51341
75097
31017
91461
59941
82635
97544
51234
84290
70198
55563
88204
63924
68110
5625
61723
84388
27331
71999
46029
78426
53591
67880
88839
48830
99194
77067
83146
35771
64132
77598
42260
23744
1038
70121
67024
37248
65933
19605
47323
86617
68300
98724
59828
61169
15589
48090
96639
83485
70523
97624
62325
5532
52503
73385
16044
63231
97917
87862
58079
66956
97739
26836
83098
50520
52590
13085
26820
69521
91936
55004
12680
83102
16994
20066
27906
35550
51025
83285
91619
89165
48168
20328
76193
40485
76467
90758
74334
5921
44043
70280
56756
46493
44306
62854
40538
33753
82061
20298
96917
44188
91161
69568
92893
1557
16715
48585
48490
71613
58728
99663
37340
75353
92254
28307
73988
2843
89949
90882
61523
84999
13110
77830
35068
90323
38542
14873
84296
17704
28894
92436
96855
55526
70027
6597
66318
34979
85853
76799
9313
86356
5950
40523
91165
90532
87025
74493
67026
15073
22764
14113
37468
2902
44915
4276
17934
97779
24338
67119
17434
98793
64311
22078
58430
49265
71818
19760
21326
75788
70250
2214
35577
54245
70822
62094
31803
35955
34836
84041
68800
93435
16529
20584
56592
81938
28278
49654
61275
66079
38611
33807
2273
72895
75787
23342
18494
56834
34987
78147
61617
35411
66056
47684
96104
91926
75732
46394
15530
15593
30877
23324
62400
24556
21154
65338
5025
35389
19123
46768
97848
9629
38788
63578
26100
92590
21869
77574
42060
37150
21441
45060
63181
80349
43017
16923
35297
85929
55389
78005
46878
52491
97374
41435
5640
28026
17747
36347
89252
32926
99101
46597
45210
84431
37785
38517
3173
92540
92242
71531
99291
58983
13249
76119
75668
86285
81122
10671
52633
78180
64916
22787
54666
93213
26668
24135
10027
41160
29910
13583
9260
46167
16586
2554
52244
68251
64391
741
83817
61290
41903
35264
76575
58178
95678
94878
59067
4904
93223
96262
22434
63689
22637
84966
95074
78690
32828
2087
22845
69658
57698
62043
70606
41388
66317
9875
71354
96835
96545
60973
81588
26495
57622
90731
88652
84500
72172
18591
48437
3473
89932
88770
99537
95102
43837
51716
29244
3166
14016
57053
84978
29620
83592
60290
60862
81314
86009
29396
3808
19405
56508
14578
91161
73980
71484
83758
75766
23327
69440
61469
70295
15245
1573
32744
12411
32133
56375
1632
26026
88598
23405
64142
89950
71802
86686
62952
34159
77821
44451
31872
54394
79388
42443
57815
24301
63880
53877
39310
52817
90633
72589
22685
70709
44383
40518
30108
7571
97860
60112
29630
57505
30798
79767
32030
86006
11696
76056
67922
9174
51840
91840
10332
73692
65363
56482
78848
20196
93188
68021
54831
39762
35508
83080
84577
11394
34540
69635
86882
99693
65438
33595
72227
36020
62921
94161
64753
63052
94682
1513
11843
91559
27824
36194
29324
13435
32536
3798
63441
41169
75511
42319
14997
620
17862
59556
28303
44819
22775
96655
87837
74909
31542
35501
30994
9368
88811
63345
1354
49942
16060
81669
26911
42517
84464
69438
60436
33001
83726
2618
93646
57225
32643
67769
93603
90770
24482
61365
10634
71772
59013
89120
6322
63319
54834
84153
96399
15745
66394
64810
78991
11079
25211
60321
89482
73717
92804
13896
52824
19004
17112
16195
12124
1503
21580
29542
62398
49338
78507
9552
58199
98064
10842
33480
25669
97392
33973
68275
6302
96866
46455
69487
8482
38899
51929
47440
77161
88347
90482
3988
57307
25191
17148
95716
26622
81864
36887
47273
34218
16216
70919
85129
55577
55460
97369
14781
46714
94298
63235
68528
48228
36240
26888
54198
4136
45678
539
19302
90655
28378
12539
90230
85474
7198
63165
96113
49273
75960
1320
35064
33195
59582
32601
93874
34484
85259
63142
22257
23252
20363
29568
6499
36548
88319
95025
17297
9668
82029
49829
56056
80336
55399
7430
9249
89649
26678
48447
68223
8751
69859
80866
997
46436
97249
99492
1121
73164
26363
44646
26457
49017
79446
54543
61089
96963
3874
3669
57589
14876
40258
69819
71129
19329
19414
58644
59755
77868
84865
31462
40194
46310
12860
20745
99077
19131
92022
81838
362
64166
9382
60509
521
56235
34383
92214
90333
7651
24238
16985
92919
97330
35363
60706
59838
1428
10266
60716
46407
96886
60117
83094
42540
19266
30328
24066
8108
18546
93712
93818
19136
92325
75360
12526
60149
67599
36010
8344
55211
84202
90007
8321
58377
24011
18051
26876
7130
50960
15272
48015
60456
21269
38405
64147
40691
53765
21898
82257
24622
86733
2339
70924
24151
46541
49599
24861
65969
92520
68891
62713
50784
86619
4144
93296
7712
45258
16342
89454
83714
90166
8531
79812
30179
24971
15077
33441
91051
72309
32167
68281
70175
80370
47171
98664
47332
43651
40084
95952
28241
23964
19095
40093
86479
53755
58606
14826
30832
79477
94736
97437
81192
2188
97393
27181
57133
91708
93353
37124
24679
88789
75939
45151
59859
1187
86948
92530
62042
51497
74678
4936
72073
48749
27857
2536
93837
74284
62533
81652
41804
59342
21829
83019
2883
35220
82355
34414
22200
7822
17605
8448
68955
9097
17713
4518
19774
44358
73115
76718
96589
73157
95607
12555
41452
76672
16348
23038
79629
54292
37736
89617
95530
99578
75626
28094
79172
85909
41424
13100
28409
30403
34189
52537
13212
99254
20198
89747
308
4765
70714
61280
63314
66843
94604
67517
94608
28377
94446
71331
8323
5047
97516
81990
11389
62717
20818
91288
20322
72976
78842
94347
11652
99553
9078
56083
99773
60991
52726
45289
83656
52172
7703
85324
8605
57773
50633
9217
21831
64059
95322
17532
64516
92791
58180
25239
60152
44539
74704
66303
42862
6443
98278
50158
57357
29674
71155
274
18706
58504
13973
36077
27408
96985
63685
76886
47680
69377
32161
23100
38279
67148
6613
71563
8227
57786
70373
72903
54097
39255
14266
97013
68030
32617
38503
54713
83175
44898
26775
45818
17296
16182
32822
11458
31294
24902
23544
75074
67474
62810
29065
59666
66530
36110
9169
53013
46645
29955
46627
79515
2266
60854
51748
42112
95685
5486
68115
27377
11272
89775
1881
41327
44043
20331
16237
781
38119
22168
35908
7252
81572
14045
50964
91653
26829
49478
36292
84190
96845
64727
10610
35318
19880
93244
85984
82050
11896
52127
10043
21274
6627
55155
39018
1910
58325
40942
58928
91889
63519
2419
34621
24720
20556
15629
8023
14748
732
20759
83937
79018
48607
24536
8005
67388
51951
78317
73187
88097
43082
64511
74166
9943
23179
44755
70975
27473
72708
57440
85553
39379
39771
75067
1528
77082
56158
46830
68870
55641
51491
77511
8700
55134
69152
29580
90033
79794
99
67405
55234
35584
9232
99794
19702
30253
46806
87731
16621
76773
62796
88134
50948
4823
21133
49875
72136
14294
80940
53988
41237
39968
1494
79352
47849
7228
73379
54231
9545
74620
98168
94303
74704
13858
56381
94428
9360
63647
80726
44759
36998
77398
77024
89061
7487
12288
21481
62944
86368
41864
85324
17492
74999
33014
2921
94735
5116
89129
68733
12827
69635
30269
41986
11688
16608
11245
22757
32034
44215
4466
27744
27426
11744
11625
26580
92993
65044
32050
29829
57126
29366
20085
6482
92480
55232
91231
92495
49360
29609
38890
85697
69118
21296
26042
47797
47212
47560
33188
31357
45223
37504
97417
98568
91001
93998
3616
48221
46780
1751
1618
25428
69385
84669
34655
27409
68879
86854
53822
61470
82399
56709
28961
62787
89795
80903
25879
35909
8527
19996
75274
19960
71183
89279
16841
16962
9696
20228
66145
57902
58044
65470
71172
1578
36109
95690
27691
62333
27170
49147
10551
91464
8959
94914
28563
84472
68846
92954
6486
39237
75284
24782
31333
62987
4735
47144
44053
49090
25307
62070
46766
81084
74788
42395
2667
41850
90901
86735
65533
75947
7839
60116
93264
70947
6709
23734
5605
8180
96004
65470
11934
22603
52640
19572
7352
28905
90682
53390
39314
82524
11054
51321
37293
55610
88824
18274
62540
37722
94790
61506
68826
72622
45737
96260
27274
46753
76037
86580
6201
93289
48840
17958
3569
43273
15511
60256
17639
96774
15524
10917
44580
27556
57852
48831
62592
78556
88477
6760
66186
56732
60804
42902
93860
86747
1764
34752
90123
36119
89779
12945
93877
19213
92478
65543
34515
71316
14333
91816
55990
28471
67393
15427
46286
35469
61322
82782
32685
42007
4278
19425
83337
4885
10963
75838
94433
75749
57589
20220
95607
77529
65538
68287
48124
56404
70251
19445
37737
85793
53334
56735
49097
28975
31830
13946
70804
22765
63932
83689
45238
78206
51111
51969
46159
70393
9398
305
34963
96001
93214
21227
3409
72891
82296
49555
88049
40913
36562
3492
38679
12514
79365
62809
48484
29635
23078
89375
21691
94102
28694
21492
29345
97414
65236
81275
49053
79900
29779
9440
480
17889
92998
7586
3070
84881
97591
24770
89978
54712
13399
72519
46880
23180
79727
52171
59403
46918
80149
89605
51495
7678
37179
88435
41584
31362
21410
9476
53082
19698
13324
25024
74218
21884
85454
72085
56257
29391
27236
52831
97433
74974
21758
14098
39464
90547
88664
49831
20834
74829
4072
2785
22523
19191
20976
51323
88905
53062
75700
69808
65736
67535
46661
56102
44791
50115
9628
71159
49855
17481
94786
96446
74132
27222
54956
32027
74548
39563
84612
7779
24333
40234
56130
89735
20411
19190
95449
510
32719
87751
90286
48658
41675
24007
30276
29732
50153
89900
787
91741
68988
12562
23415
82579
98414
78516
57668
33268
78280
54535
83542
30481
18576
75508
80935
46154
25836
69135
47066
33682
58182
16536
18549
14687
73288
38190
46667
84752
31014
29131
68087
6235
17338
38976
83077
54130
86219
12493
48746
13009
12743
31325
19284
83367
65327
83004
59675
9407
17010
74230
57623
20010
88209
51054
2955
49674
22338
98263
90176
4957
41169
27251
7916
68132
59296
67429
29137
89263
20910
15509
17058
23048
33846
20160
89120
93400
19470
55224
35363
40378
17744
44287
10963
31802
77142
55548
16887
4680
23198
18264
78276
49887
81741
7160
11095
13997
71024
4663
63583
42783
78941
42750
42865
93003
81016
62531
17182
52761
73042
17628
51906
68142
9003
5822
74963
74774
73048
87126
37498
90637
8928
71587
22654
55851
92352
29999
20219
6090
782
27272
36754
20565
93179
62751
24922
32974
38642
35067
1364
30972
92509
94427
34364
27952
84134
83943
78587
85810
19419
83441
27930
74125
29067
20622
50929
3731
17133
74507
15453
46766
3583
52461
22607
47109
15852
96329
85953
52551
29319
40317
79908
4599
52756
97033
13846
92851
85830
88301
33391
92867
78339
37729
1498
78651
70147
95019
4512
73389
76727
15616
99519
814
83207
85658
50842
62371
51860
70418
14667
66920
64380
66139
77748
99164
46075
66299
77234
16845
54062
34246
82802
95195
9396
33848
44286
56524
37101
95023
68880
79308
84324
56675
45735
24158
46921
37763
77975
11715
4279
82670
53435
66501
24340
79434
7110
63105
57047
43076
12503
55344
21155
33444
93962
7600
2770
88812
36074
97043
2797
83694
47269
29316
96599
30087
61593
47665
10954
4796
19050
1625
28601
9871
73461
71796
96628
88478
66110
35705
94186
21496
27910
78928
17833
37949
97465
86645
4545
20721
31555
43653
51174
31228
85026
79017
61524
98753
64439
36508
73389
33529
63574
63002
97278
51051
61021
4583
26879
19467
40674
99896
54777
46924
1381
98978
10051
4675
84132
22782
90533
24186
21644
9046
41341
66413
2797
41999
19327
27812
56359
88274
37815
13038
37633
45624
3818
25078
74840
44338
78458
65445
20788
94451
79177
49460
85526
19322
63157
60491
16974
85503
3394
71163
4138
17465
28789
309
94824
32234
96540
38949
94796
70153
619
72366
1165
5737
66497
37539
65481
48170
54601
63903
52793
61980
89244
20226
93792
67052
38724
73257
81949
94157
38268
35625
70943
14148
7571
69639
74456
76719
55087
53239
64266
64050
25517
4111
89534
8448
82311
22246
14932
27043
77839
30415
73301
70793
81656
90508
42244
49355
49524
5233
6739
78266
55223
61879
86417
49128
13370
3353
97345
25713
18108
16558
5446
18084
81731
90339
59450
70417
82432
30004
38206
98097
66640
55527
31980
58093
39935
19078
72488
87628
63528
57975
16437
32700
42103
36601
13091
44540
60111
92541
99142
53347
83527
27999
67363
36817
69391
9151
91747
53841
23440
46721
21482
93255
71217
39453
6657
63388
50423
35203
79279
97730
2532
30415
73606
91270
6080
75588
48634
5458
39349
18121
80077
3004
32596
87325
64133
63406
21173
58040
35007
82482
43579
5951
40508
49594
51830
40963
62009
14058
87906
4311
21149
11043
38861
70316
57132
64364
79126
45036
26553
12350
85905
30927
16600
6701
6055
8956
22096
49550
47770
23296
91567
9002
7622
14436
80952
32094
20034
13134
33272
72203
70598
47447
33847
76256
31975
55268
7209
27714
19486
46595
42596
24374
6278
22276
7340
18443
28100
24177
15145
66407
55809
68108
36826
4332
63923
90308
88067
41926
71482
87891
51650
64467
52070
89046
26784
85616
70709
65162
25474
7901
45306
6143
30431
96972
58841
12348
9644
85099
65263
15280
88563
39786
7727
66704
88483
81995
75623
79697
87488
8071
47073
80100
29339
3959
68069
71081
51484
14597
33404
20689
59515
88175
13327
75380
28431
28564
42094
67403
45022
31231
96620
88876
91187
38894
27048
57184
23533
44478
96742
18722
84403
77044
38492
73174
2598
810
14633
9987
207
53332
88255
44142
75224
90894
29729
35253
12087
52356
5768
45509
97060
1597
88096
79257
10539
58533
21711
3919
41437
31830
4181
8456
64673
57026
69262
9756
19976
77408
70389
60216
62110
528
13443
69878
78940
82156
55093
65046
19419
42766
35403
58526
74467
64760
10797
92811
65345
22148
40232
84307
80695
74088
11094
86233
94445
58213
3836
27436
66565
72269
64620
98557
89452
67374
70059
62619
62029
87647
43405
29644
7423
50630
74236
44362
84831
58020
47096
98839
86552
9150
80504
30367
28766
29577
34286
22505
54427
85680
50441
50489
71777
52357
36692
64133
92413
58402
84124
32594
62541
59611
91535
95978
66920
16546
89631
4540
75387
93461
6149
10481
88437
54024
44003
96582
50808
28907
92034
68747
3471
66841
75610
63126
53151
92028
46896
92133
74774
80575
8441
9455
82016
93394
69917
71429
21273
33108
5751
4874
82621
88960
78105
79340
9978
22550
60876
82590
48231
86628
90516
29043
13294
25745
75986
67705
21668
96903
91236
46608
30906
96635
97319
14917
50188
60537
51133
85872
14326
16112
99017
88614
97927
94904
32342
47516
31853
88731
45975
47513
50544
51271
75274
80822
14267
44815
47350
93620
12404
45304
83988
99834
87405
70183
77482
6762
99539
87653
17809
13919
49508
93836
45336
87302
78590
9392
1569
11445
12754
7085
91178
82924
20663
90344
18438
23047
45050
58949
29162
7517
74803
21797
13380
61688
371
93402
29956
8977
34938
22921
66527
38919
70982
70681
26344
76796
54693
25630
44543
12332
1323
71165
3110
71787
93503
15612
21934
88026
15184
96808
9841
88646
19109
37473
97752
53693
84753
68134
20988
62317
62181
64729
78473
75387
57600
39726
40255
16541
50530
16853
96530
20149
49182
30978
11762
26154
95341
90485
25637
95140
36927
45675
42159
43908
26189
73152
96596
84030
81098
71487
42036
24532
64440
25097
16917
65904
44438
7997
53471
13885
67351
35209
45568
76931
3342
98510
60975
78141
14693
28649
95022
6553
2765
10659
19369
49675
27984
78519
89372
83566
39906
43995
64208
78424
68438
57133
56837
69145
93613
50523
7756
73520
96969
99119
47403
35530
46880
12149
66052
47768
81003
9387
97423
72011
34046
10052
79683
84239
34994
43224
94740
59201
90558
7564
5558
22287
44069
921
10559
24266
37960
9820
51819
90218
49532
63769
84473
6719
51702
70989
69587
98671
86051
98607
76011
41040
57044
70689
69600
7172
18039
22041
21088
59180
76897
93414
59975
64395
24551
75202
85542
53592
75883
60627
75615
55615
73779
76317
10732
67157
81462
78952
896
52437
42096
88457
28741
33404
17461
41231
66404
74589
53410
19405
8420
23010
15759
97919
4361
54593
12864
56666
85342
45430
6363
1845
23789
79362
62548
48814
9706
44896
57507
77050
64496
9056
66391
75341
66787
42370
5989
87202
99765
21456
22296
24232
19780
6872
2028
97481
89408
1701
72246
19511
62858
55065
31483
46421
8056
89737
83457
34080
36502
98453
71202
99929
34054
58690
53372
5583
96168
79894
4070
87597
77780
28848
8190
55070
38500
62817
18397
